pandas使用浮点值NaN表示缺失数据，称其为哨兵值，可以检测出来
series
0    4.0
1    2.0
2    NaN
3    1.0

series.isnull()  #isnull方法，判断是否为缺失值
0    False
1    False
2     True
3    False

python内置的none值也可以作为缺失值
series[1]=None


滤除缺失数据
dropna方法
对于series返回一个仅含非空数据和索引的series
series
0    4.0
1    NaN
2    NaN
3    1.0

series.dropna()  #等价于series[series.notnull()]
0    4.0
3    1.0

对于dataframe，dropna默认丢弃任何含有缺失值的行
df
    one  two
a  1.40  NaN
b  7.10 -4.5
c   NaN  NaN
d  0.75 -1.3

df.dropna()
    one  two
b  7.10 -4.5
d  0.75 -1.3

how参数
传入how='all',只丢弃全为na的行
df.dropna(how='all')
    one  two
a  1.40  NaN
b  7.10 -4.5
d  0.75 -1.3

axis=1按照上面的方法丢弃列

thresh参数
保留至少有n个非NaN数据的行/列（用axis=0或1表示）
df
          0         1         2
0  0.867079       NaN       NaN
1  0.581774       NaN       NaN
2  0.647657       NaN -0.922266
3       NaN       NaN -0.570312
4  0.350967 -1.210797  0.303289
5 -0.013702  0.314632  0.108389
6 -0.922433  0.038793  0.724843

df.dropna(thresh=2)
          0         1         2
2  0.647657       NaN -0.922266
4  0.350967 -1.210797  0.303289
5 -0.013702  0.314632  0.108389
6 -0.922433  0.038793  0.724843

df.dropna(thresh=1)
          0         1         2
0  0.867079       NaN       NaN
1  0.581774       NaN       NaN
2  0.647657       NaN -0.922266
3       NaN       NaN -0.570312
4  0.350967 -1.210797  0.303289
5 -0.013702  0.314632  0.108389
6 -0.922433  0.038793  0.724843

分析：0-6行分别有1，1，2，1，3，3，3个非nan数据，当thresh=1时，全部行都满足，当thresh=2时，0，1，3行不满足


填充缺失数据
fillna方法
df.fillna(10)
           0          1          2
0   0.867079  10.000000  10.000000
1   0.581774  10.000000  10.000000
2   0.647657  10.000000  -0.922266
3  10.000000  10.000000  -0.570312
4   0.350967  -1.210797   0.303289
5  -0.013702   0.314632   0.108389
6  -0.922433   0.038793   0.724843

通过字典，对不同的列填充不同的值
df.fillna({1:10,2:20})
          0          1          2
0  0.867079  10.000000  20.000000
1  0.581774  10.000000  20.000000
2  0.647657  10.000000  -0.922266
3       NaN  10.000000  -0.570312
4  0.350967  -1.210797   0.303289
5 -0.013702   0.314632   0.108389
6 -0.922433   0.038793   0.724843

inplace参数
默认返回新的对象，当设置inplace=True时，原地修改


























